94053481655
65840902622
12266655026
28042505811
80595322650
63400544178
39683909818
2227089370
20294628096
17632962699
64452396435
42179949056
73772575576
23572899653
70852648935
42687550740
7309920668
40080429044
48411467865
7752220400
80070942923
85417776802
97892505064
59268883335
61351073077
45907226079
98348433951
74793909468
78327300113
74540814032
95723565304
57302211774
12466297288
62369597169
48984132894
16098239854
21045930922
37082258589
35866637723
29941017542
59171639238
80389891592
77073043558
70962990702
17219907455
58665805389
85104789114
91106876382
68816912023
29746240511
81915982563
11574323307
45261094491
22879906267
58179271357
10174676967
13724319204
88521284133
66196323203
71481682451
38616930653
79994682202
48348019479
50350495187
48177920853
60013041046
3467789809
616899335
11652104910
21617546091
84634810952
37695182575
56342047647
75311079681
3622018637
36310586107
18373238401
81990682793
89597238787
12746869324
26186791033
4741076196
12663960519
4758988325
61574725119
11633487319
36441588705
41695445595
29498705341
86380919462
8123284301
92394401007
94983821297
94033114582
29312782634
89062173160
13054846131
4851475027
76429873455
51612257249
