49123592517
72599293383
46659502795
85815351069
57833436479
36822299306
83598046416
46665120477
48723827691
32270844633
36573185223
61167999722
9229093070
35568499141
12873840668
77322496878
93979046684
84253069849
77149227188
2624227942
22643033314
99933973537
84526298406
30857949962
99499549792
10064953087
23662322569
45912277248
98362396467
44897710631
16927957872
78450148273
8154510340
60498415168
78138956693
29647126385
14205776423
66150437223
59602234320
17713441366
98261250949
15033086265
29714702688
47544641975
76221417263
50757549552
9950945257
51599617270
56796241693
89157561538
65798414919
983617977
96539926267
54673862941
90046565069
39717885932
47143458691
83737783625
38808918289
52306344483
39397173652
53750786311
80754772995
34963704770
24895719677
95573172312
98249856618
4248340797
1342975658
99876551748
35452977936
43347047939
80224617950
33281116115
22888269791
55887846398
16651190769
38890126728
20610386295
69910785360
10334692872
7650460266
12802577066
10505711439
3946857719
71909439922
55495292621
38629758978
50517445627
90604617006
26065572750
35746336256
95066013270
66714531060
48275174878
99181208129
17320843635
61914920007
69828028903
1470227783
